4	49	14
4	50	14
4	50	15
4	51	15
4	52	15
4	53	15
1	54	15
1	55	15
4	55	16
4	56	16
4	56	17
4	57	17
4	57	18
4	58	18
4	58	19
3	58	20
4	57	20
1	57	21
1	58	21
4	58	22
4	58	23
4	58	24
4	58	25
4	57	25
3	56	25
3	55	25
4	55	26
1	56	26
3	56	27
4	55	27
1	55	28
4	55	29
2	56	29
1	57	29
1	57	30
1	57	31
4	56	31
4	55	31
4	55	32
4	54	32
4	54	33
4	53	33
4	52	33
2	52	34
4	51	34
3	50	34
3	49	34
3	49	35
4	49	36
3	50	36
1	51	36
4	51	37
4	52	37
4	53	37
1	54	37
1	55	37
4	55	38
3	55	39
4	54	39
4	54	40
4	53	40
4	53	41
4	52	41
4	52	42
4	51	42
4	50	42
4	49	42
4	48	42
1	48	43
4	48	44
1	49	44
4	49	45
4	50	46
3	51	47
3	51	48
1	52	49
4	52	50
4	51	51
4	50	51
4	49	51
3	48	51
4	47	51
1	48	52
4	48	53
4	48	54
4	47	54
1	47	55
4	46	55
1	45	55
4	45	54
4	44	54
1	44	55
4	43	55
4	42	55
4	41	55
4	40	55
4	39	56
4	38	56
4	37	56
1	37	57
4	36	57
4	35	57
1	35	58
4	34	58
4	33	58
1	32	57
4	32	56
4	31	55
4	30	55
4	29	55
4	28	55
4	27	55
4	26	55
4	25	56
4	24	56
4	23	56
4	22	56
4	22	57
4	22	58
4	22	59
4	23	60
4	24	61
4	25	62
2	26	61
4	27	61
4	28	61
3	29	61
4	30	62
2	31	62
4	32	63
3	33	63
4	34	63
4	35	63
4	36	63
4	37	63
4	38	63
4	39	63
4	40	63
4	41	63
4	42	63
4	43	63
4	44	63
4	45	63
4	46	63
4	47	64
4	48	64
3	49	64
1	49	65
4	48	66
3	47	67
4	46	67
3	46	68
4	46	69
4	47	70
3	48	70
2	49	71
3	49	72
4	49	73
4	49	74
3	49	75
1	50	75
3	50	76
1	51	76
4	51	77
4	51	78
1	50	79
4	49	79
4	48	80
2	49	81
4	49	82
2	49	83
3	48	83
4	47	83
2	46	84
4	45	84
4	44	84
2	44	85
1	45	85
1	46	85
4	47	86
4	48	86
4	49	86
1	50	86
1	51	86
4	51	87
1	52	87
4	52	88
4	52	89
4	52	90
1	53	90
4	53	91
1	53	92
4	52	92
3	52	93
3	53	94
2	53	95
4	52	95
4	51	96
1	51	97
4	50	97
4	49	97
4	48	97
4	47	98
4	46	98
4	46	99
3	47	99
1	48	100
4	48	101
4	49	101
3	50	101
1	51	101
4	51	102
4	52	102
1	53	102
4	53	103
4	53	104
4	52	105
2	52	106
4	53	107
4	53	108
3	53	109
4	52	110
2	52	111
4	51	111
4	50	112
4	50	113
4	50	114
4	49	114
4	48	114
4	47	114
4	46	114
4	45	114
4	44	114
4	43	114
4	42	114
4	41	113
4	40	113
4	39	113
4	38	113
4	37	113
4	36	113
4	36	114
4	37	114
4	38	115
4	38	116
4	38	117
4	38	118
4	38	119
4	38	120
4	38	121
4	39	121
4	39	122
3	39	123
4	38	123
4	38	124
4	38	125
4	38	126
4	38	127
4	39	128
4	39	129
4	39	130
4	40	131
4	40	132
4	40	133
4	40	134
4	40	135
4	40	136
4	40	137
4	40	138
4	40	139
4	40	140
4	40	141
4	40	142
4	41	143
4	41	144
4	41	145
4	41	146
4	41	147
4	40	148
4	41	149
4	42	149
4	43	149
4	44	149
4	45	149
4	46	150
4	47	151
4	47	152
4	47	153
4	47	154
4	48	155
3	48	156
3	49	157
4	49	158
4	49	159
4	50	160
4	51	161
4	52	162
1	53	162
4	53	163
1	54	163
1	55	164
3	56	164
1	57	164
4	57	165
3	57	166
1	57	167
1	58	167
3	58	168
4	58	169
3	58	170
4	58	171
4	57	171
4	56	171
4	55	170
4	54	169
4	53	168
4	52	168
4	51	167
4	50	167
1	49	167
4	49	166
4	48	166
4	47	166
4	46	166
4	45	166
4	44	166
4	44	167
4	45	167
4	46	168
2	47	168
4	48	169
4	48	170
4	48	171
4	48	172
4	48	173
4	47	174
4	47	175
4	46	175
3	45	175
3	44	175
4	43	175
4	42	175
4	41	175
3	40	175
4	39	175
4	38	175
4	37	175
3	36	176
3	35	176
3	34	176
4	33	176
3	32	177
4	32	178
4	32	179
4	32	180
4	31	180
2	30	181
3	29	182
4	28	182
3	28	183
4	29	183
3	30	183
1	31	182
4	32	182
3	33	182
3	34	182
1	35	182
1	36	182
1	37	181
3	38	181
1	39	181
2	40	181
2	41	181
1	42	181
4	42	182
2	42	183
1	43	184
1	44	184
3	44	185
3	44	186
3	44	187
3	43	187
3	42	188
3	41	188
3	40	188
4	39	188
4	39	189
4	40	189
4	41	189
2	42	189
4	42	190
4	43	190
1	44	190
4	44	191
4	44	192
4	45	193
4	45	194
4	46	195
4	47	196
4	48	197
4	48	198
4	47	199
4	47	200
4	48	201
4	48	202
4	47	203
4	48	204
3	49	204
4	50	205
1	51	205
4	51	206
4	51	207
3	51	208
4	50	208
4	50	209
4	50	210
4	50	211
4	49	212
4	65	113
4	65	114
4	65	115
4	65	116
4	65	117
4	65	118
4	65	119
4	66	119
4	66	120
4	66	121
4	67	121
4	67	122
4	67	123
4	67	124
4	67	125
4	67	126
4	67	127
4	67	128
4	67	129
4	68	129
4	68	130
4	68	131
4	69	131
4	69	132
5	69	133
4	70	133
4	70	134
3	71	134
4	71	135
3	72	135
4	72	136
4	72	137
5	71	137
4	71	138
4	71	139
4	71	140
3	72	140
4	72	141
5	72	142
1	73	142
4	73	143
1	74	143
4	74	144
4	74	145
2	75	145
2	75	146
2	75	147
2	75	148
3	75	149
4	75	150
3	75	151
4	75	152
4	75	153
4	75	154
4	75	155
5	75	156
4	76	156
4	76	157
4	76	158
1	76	159
4	75	159
4	75	160
1	76	160
3	76	161
4	76	162
4	76	163
4	76	164
4	76	165
3	77	165
4	77	166
4	77	167
3	77	168
4	76	168
4	76	169
4	76	170
4	76	171
4	76	172
3	77	172
4	77	173
4	77	174
3	77	175
4	77	176
4	77	177
4	78	177
4	78	178
4	78	179
1	79	179
3	79	180
4	79	181
4	79	182
4	79	183
2	79	184
3	79	185
3	79	186
1	80	186
4	80	187
1	81	187
4	81	188
1	82	188
4	82	189
4	82	190
4	82	191
4	82	192
4	82	193
4	82	194
3	83	194
4	83	195
4	83	196
4	83	197
4	83	198
2	83	199
1	83	200
1	84	200
2	84	201
4	84	202
4	84	203
4	85	203
4	85	204
5	86	204
4	78	17
4	78	18
1	77	18
4	77	19
4	78	20
4	78	21
4	78	22
4	78	23
4	78	24
4	78	25
3	78	26
4	78	27
4	78	28
4	78	29
3	78	30
4	77	30
2	76	30
3	76	31
3	76	32
3	75	32
4	75	33
1	74	33
3	74	34
3	74	35
3	74	36
4	75	36
4	76	36
4	77	36
3	78	36
1	79	36
1	80	36
1	81	36
3	82	35
4	83	35
1	84	35
4	84	34
3	85	34
3	86	33
3	87	33
1	87	34
1	87	35
1	86	35
4	86	36
2	85	36
1	84	36
3	84	37
1	83	37
4	83	38
3	82	38
1	81	38
1	81	39
1	80	39
4	80	40
3	79	40
4	78	40
4	77	40
3	3	13
4	3	14
4	3	15
2	4	15
3	4	16
2	5	16
3	5	17
1	6	18
3	6	19
1	7	19
4	7	20
3	8	20
3	9	21
4	10	22
4	11	22
3	12	21
4	13	21
1	14	21
4	14	22
3	15	23
4	15	24
1	16	25
3	16	26
3	16	27
4	17	28
4	18	28
4	19	28
4	20	28
4	21	27
3	21	26
4	22	26
4	23	26
1	23	25
1	65	16
3	64	17
3	64	18
4	63	18
3	63	19
3	63	20
3	63	21
3	63	22
2	63	23
4	62	23
3	62	24
2	62	25
1	62	26
1	62	27
1	62	28
3	61	28
3	61	29
3	61	30
3	61	31
4	60	31
4	60	32
4	59	32
4	59	33
4	59	34
4	59	35
4	59	36
4	59	37
4	59	38
4	59	39
4	59	40
4	59	41
4	59	42
4	59	43
4	59	44
4	59	45
4	59	46
4	59	47
4	59	48
4	59	49
3	66	3
4	67	3
4	67	4
4	67	5
3	67	6
3	67	7
3	68	8
3	69	9
4	70	9
3	70	10
3	70	11
3	70	12
3	70	13
3	70	14
2	70	15
2	70	16
1	70	17
1	70	18
1	70	19
1	70	20
1	71	20
2	72	20
2	73	20
2	73	21
3	74	21
4	74	22
4	74	23
4	74	24
4	74	25
4	73	25
3	73	26
3	73	27
3	73	28
3	73	29
4	73	30
4	73	31
1	72	31
1	72	32
3	72	33
3	72	34
4	72	35
4	72	36
4	72	37
4	72	38
1	71	38
4	71	39
2	71	40
4	72	40
4	72	41
4	73	41
4	73	42
1	73	43
4	72	44
4	72	45
1	71	45
1	71	46
4	72	46
4	72	47
4	72	48
1	72	49
4	73	50
4	73	51
4	73	52
4	73	53
4	74	54
4	74	55
4	74	56
4	74	57
4	74	58
4	75	59
4	75	60
4	75	61
4	75	62
4	75	63
4	75	64
4	75	65
4	75	66
4	75	67
4	76	67
4	76	68
4	76	69
4	76	70
4	77	70
4	77	71
4	77	72
4	77	73
1	77	74
3	78	75
3	79	76
4	79	77
3	78	78
4	78	79
4	79	79
4	79	80
4	79	81
4	79	82
4	79	83
4	79	84
4	80	85
2	80	86
4	81	87
4	81	88
4	81	89
4	81	90
4	81	91
4	81	92
4	81	93
1	80	94
4	81	95
4	82	96
4	82	97
1	82	98
4	82	99
4	82	100
4	83	101
1	83	102
4	84	102
4	85	102
4	86	102
4	87	102
3	88	103
4	89	104
4	90	104
4	91	105
1	92	105
4	93	104
4	94	104
4	95	104
4	96	105
3	97	106
4	7	13
4	8	13
4	9	13
4	10	13
4	11	13
4	11	12
4	12	12
4	13	12
4	14	12
4	15	11
4	16	11
4	17	11
4	18	11
4	19	11
4	20	11
4	21	11
4	22	11
4	23	11
4	24	11
4	25	11
4	26	11
4	27	11
4	28	11
4	29	12
4	30	12
4	31	12
4	32	12
4	33	12
4	34	12
4	35	12
4	35	13
4	36	13
4	37	14
4	37	15
4	38	16
4	39	16
4	40	16
4	41	16
4	42	16
4	43	16
4	44	16
4	45	16
4	46	16
4	46	15
4	47	15
4	48	14
4	49	14
4	50	14
3	51	14
3	52	14
4	53	14
4	54	14
4	55	14
4	56	14
4	57	14
4	57	15
3	58	15
3	59	15
1	60	15
3	61	15
3	61	16
3	62	17
4	62	18
4	63	18
4	77	16
3	76	16
4	76	17
3	75	18
2	75	19
3	74	20
2	73	20
4	49	137
4	50	137
4	51	137
4	52	137
3	53	137
4	54	137
4	55	137
4	56	137
4	56	138
4	57	138
4	58	138
4	59	138
4	60	138
4	61	138
4	62	138
4	62	139
4	63	139
4	64	139
4	65	139
4	66	139
4	67	139
4	67	140
4	68	140
4	68	139
4	69	139
3	70	139
4	71	139
3	51	144
1	52	144
3	53	144
3	54	144
3	54	143
3	55	143
4	55	144
3	56	144
4	57	144
4	58	144
4	59	144
4	60	144
4	61	144
4	62	144
4	63	144
4	64	144
4	64	143
4	64	142
4	65	142
4	66	142
4	66	141
4	67	141
3	97	106
5	97	107
4	96	107
4	95	107
4	94	107
4	93	108
4	92	109
4	91	109
4	90	109
4	89	110
4	88	110
4	87	110
4	86	110
4	84	111
4	84	112
4	83	112
4	83	111
4	82	111
4	81	111
4	80	111
4	80	112
4	80	113
4	80	114
4	80	115
4	80	116
4	80	117
4	81	117
4	81	118
4	80	118
4	80	119
4	79	119
4	79	120
4	78	120
4	78	121
4	78	122
4	78	123
4	78	124
4	79	124
4	79	125
4	79	126
4	80	126
4	80	127
4	72	96
4	72	97
4	72	98
4	72	99
4	72	100
4	72	101
4	72	102
4	72	103
4	72	104
4	72	105
4	72	106
4	72	107
4	72	108
4	72	109
4	72	110
4	72	111
4	72	112
4	72	113
4	72	114
4	72	115
4	72	116
4	72	117
4	72	118
4	72	119
4	72	120
4	72	121
3	72	122
3	73	122
3	73	123
3	73	124
3	74	124
3	74	125
3	74	126
3	75	126
3	75	127
2	75	128
3	76	128
4	77	128
4	78	128
4	79	128
4	80	128
4	80	129
4	81	129
4	81	130
4	81	131
4	81	132
4	81	133
4	81	134
4	81	135
4	81	136
4	81	137
4	81	138
4	81	139
4	81	140
4	81	141
4	81	142
4	82	142
4	82	143
3	83	143
4	84	143
4	84	144
4	84	145
4	84	146
3	84	147
4	84	148
3	76	149
3	77	149
3	77	150
3	78	150
4	78	151
4	78	152
4	78	153
4	78	154
4	78	155
4	78	156
4	78	157
4	78	158
4	78	159
4	78	160
4	78	161
4	78	162
4	78	163
4	78	164
4	78	165
4	78	166
4	78	167
4	78	168
4	78	169
4	78	170
4	78	171
4	78	172
4	78	173
4	78	174
4	79	174
4	79	175
4	79	176
4	79	177
4	79	178
3	80	178
3	81	178
3	82	178
4	83	162
4	83	163
3	83	164
3	83	165
3	83	166
3	83	167
3	83	168
3	83	169
2	83	170
3	83	171
2	83	172
1	83	173
1	83	174
2	83	175
2	83	176
2	83	177
3	83	178
4	83	179
4	84	179
4	85	179
4	85	180
3	86	180
4	86	181
3	87	181
3	87	182
3	87	183
4	82	181
4	83	181
4	84	181
4	85	181
3	28	183
3	29	182
1	30	182
2	30	181
1	31	181
3	31	180
1	32	180
1	32	181
1	33	181
1	34	181
1	35	181
4	34	180
1	35	180
1	36	180
1	36	179
1	37	179
3	37	178
2	38	178
1	39	178
4	39	177
4	40	177
4	41	177
4	42	177
1	42	178
4	43	178
4	44	178
4	44	179
1	45	179
4	46	179
4	46	180
3	47	180
4	48	180
3	48	179
4	48	178
2	49	178
4	50	178
4	50	179
4	50	180
4	50	181
3	51	181
4	52	181
4	52	180
4	53	180
4	53	179
4	54	179
4	54	180
4	55	180
1	55	181
2	56	181
4	57	181
4	57	182
1	58	182
2	59	182
4	60	182
2	60	181
4	44	166
4	45	166
4	45	167
2	46	167
1	47	167
3	48	167
3	48	168
2	49	168
3	50	168
1	50	169
3	51	169
1	51	170
1	51	171
3	52	171
1	52	172
3	52	173
4	52	174
4	53	174
4	53	175
3	54	175
4	55	175
4	55	176
4	55	177
3	56	177
1	57	177
4	58	177
4	59	177
4	59	178
4	60	178
4	60	179
4	61	179