            NaN            NaN
   5.019167       16.13329    
   4.998991       16.15348    
   5.004480       16.14796    
   5.012738       16.13970    
   5.049183       16.10327    
   5.066297       16.08614    
   5.086899       16.06553    
   5.100687       16.05174    
   5.115914       16.03653    
   5.168534       15.98389    
   5.210125       15.94230    
   5.244180       15.90825    
   5.304520       15.84792    
   5.347684       15.80477    
   5.410762       15.74170    
   5.435906       15.71654    
   5.462468       15.68994    
   5.473642       15.67878    
   5.512441       15.63999    
   5.538254       15.61417    
   5.567683       15.58477    
   5.553645       15.59881    
   5.490479       15.66198    
   5.446429       15.70600    
   5.464802       15.68768    
   5.497744       15.65468    
   5.564614       15.58785    
   5.638560       15.51388    
   5.711645       15.44081    
   5.765220       15.38721    
   5.812655       15.33979    
   5.868984       15.28342    
   5.918200       15.23428    
   5.958647       15.19379    
   5.967201       15.18525    
   5.968936       15.18352    
   5.992907       15.15958    
   6.018721       15.13374    
   6.035988       15.11649    
   6.046011       15.10647    
   6.074404       15.07806    
   6.105962       15.04645    
   6.125751       15.02666    
   6.124621       15.02785    
   6.128108       15.02434    
   6.140995       15.01145    
   6.153558       14.99888    
   6.168888       14.98350    
   6.178823       14.97360    
   6.185100       14.96734    
   6.196631       14.95583    
   6.212979       14.93949    
   6.223995       14.92843    
   6.243006       14.90945    
   6.251677       14.90077    
   6.260615       14.89180    
   6.267082       14.88535    
   6.276293       14.87617    
   6.293576       14.85888    
   6.311588       14.84086    
   6.335758       14.81669    
   6.354959       14.79750    
   6.382869       14.76960    
   6.419956       14.73247    
   6.443888       14.70854    
   6.440228       14.71218    
   6.417334       14.73512    
   6.439617       14.71286    
   6.376695       14.77573    
   6.323537       14.82893    
   6.361045       14.79143    
   6.376279       14.77617    
   6.400417       14.75203    
   6.434517       14.71791    
   6.469115       14.68334    
   6.473523       14.67896    
   6.395448       14.75698    
   6.286620       14.86582    
   6.274276       14.87818    
   6.302924       14.84951    
   6.315299       14.83711    
   6.261905       14.89053    
   6.234311       14.91813    
   6.159044       14.99335    
   6.144249       15.00820    
   6.119824       15.03262    
   6.136617       15.01584    
   6.173603       14.97883    
   6.229869       14.92257    
   6.246987       14.90546    
   6.248178       14.90423    
   6.254659       14.89778    
   6.254167       14.89829    
   6.260184       14.89225    
   6.275899       14.87653    
   6.297124       14.85530    
   6.303356       14.84907    
   6.288858       14.86357    
   6.262599       14.88983    
   6.236872       14.91554    
   6.235847       14.91657    
   6.253037       14.89944    
   6.269729       14.88270    
   6.275564       14.87681    
   6.284669       14.86778    
   6.288810       14.86364    
   6.298936       14.85348    
   6.330094       14.82237    
   6.337138       14.81532    
   6.346883       14.80556    
   6.363744       14.78870    
   6.378549       14.77392    
   6.403763       14.74867    
   6.446683       14.70574    
   6.477386       14.67504    
   6.504500       14.64794    
   6.523030       14.62943    
   6.532341       14.62009    
   6.527898       14.62453    
   6.544098       14.60837    
   6.537740       14.61473    
   6.486129       14.66633    
   6.481273       14.67114    
   6.478041       14.67437    
   6.428010       14.72443    
   6.313498       14.83888    
   6.286024       14.86640    
   6.219337       14.93310    
   6.232812       14.91965    
   6.198710       14.95372    
   6.159706       14.99274    
   6.179985       14.97246    
   6.237629       14.91483    
   6.301233       14.85121    
   6.387094       14.76538    
   6.439872       14.71260    
   6.439435       14.71300    
   6.434896       14.71757    
   6.457311       14.69514    
   6.500610       14.65182    
   6.545441       14.60696    
   6.562849       14.58958    
   6.589872       14.56259    
   6.621135       14.53127    
   6.586151       14.56631    
   6.510940       14.64151    
   6.482168       14.67028    
   6.453942       14.69849    
   6.444350       14.70809    
   6.445598       14.70683    
   6.458183       14.69425    
   6.462316       14.69013    
   6.461990       14.69045    
   6.469444       14.68300    
   6.472384       14.68006    
   6.501041       14.65141    
   6.530603       14.62183    
   6.552155       14.60028    
   6.574465       14.57801    
   6.588066       14.56439    
   6.618345       14.53411    
   6.639656       14.51278    
   6.671937       14.48047    
   6.683815       14.46865    
   6.717804       14.43464    
   6.754374       14.39806    
   6.785107       14.36735    
   6.794346       14.35810    
   6.809764       14.34272    
   6.843872       14.30857    
   6.882987       14.26947    
   6.922450       14.22999    
   6.934784       14.21765    
   6.941297       14.21116    
   6.939213       14.21321    
   6.947221       14.20519    
   6.965025       14.18743    
   6.986050       14.16641    
   6.998210       14.15424    
   7.026908       14.12550    
   7.050627       14.10182    
   7.035645       14.11678    
   6.983299       14.16914    
   6.909318       14.24310    
   6.896770       14.25569    
   6.918548       14.23390    
   6.923416       14.22902    
   6.935437       14.21700    
   6.894416       14.25803    
   6.828636       14.32379    
   6.786645       14.36575    
   6.760217       14.39220    
   6.720600       14.43182    
   6.718920       14.43352    
   6.696106       14.45632    
   6.692496       14.45995    
   6.675774       14.47665    
   6.631211       14.52121    
   6.597381       14.55509    
   6.491630       14.66081    
   6.427338       14.72511    
   6.428264       14.72416    
   6.440142       14.71227    
   6.449823       14.70262    
   6.454268       14.69820    
   6.466428       14.68601    
   6.471310       14.68114    
   6.446492       14.70596    
   6.358822       14.79364    
   6.275364       14.87712    
   6.242927       14.90953    
   6.225633       14.92683    
   6.220254       14.93219    
   6.221092       14.93135    
   6.221370       14.93104    
   6.231706       14.92073    
   6.244726       14.90773    
   6.267898       14.88452    
   6.297036       14.85538    
   6.346084       14.80636    
   6.367888       14.78454    
   6.383562       14.76890    
   6.396901       14.75555    
   6.399696       14.75275    
   6.365958       14.78650    
   6.359359       14.79306    
   6.356122       14.79635    
   6.325289       14.82717    
   6.313223       14.83924    
   6.277349       14.87509    
   6.283907       14.86854    
   6.303982       14.84846    
   6.297918       14.85454    
   6.283101       14.86930    
   6.247809       14.90466    
   6.249422       14.90303    
   6.246674       14.90574    
   6.264403       14.88806    
   6.289102       14.86334    
   6.287841       14.86463    
   6.307104       14.84535    
   6.255390       14.89706    
   6.210846       14.94156    
   6.223167       14.92928    
   6.224405       14.92803    
   6.237662       14.91478    
   6.254193       14.89821    
   6.270874       14.88154    
   6.284077       14.86834    
   6.283556       14.86889    
   6.284586       14.86791    
   6.280067       14.87237    
   6.263260       14.88917    
   6.251787       14.90066    
   6.246735       14.90575    
   6.238903       14.91355    
   6.261374       14.89105    
   6.253498       14.89896    
   6.260703       14.89171    
   6.268947       14.88352    
   6.271169       14.88125    
   6.285901       14.86655    
   6.306517       14.84589    
   6.315861       14.83655    
   6.351146       14.80133    
   6.373165       14.77925    
   6.394008       14.75846    
   6.416268       14.73615    
   6.444004       14.70844    
   6.486789       14.66562    
   6.520104       14.63234    
   6.546395       14.60601    
   6.573831       14.57861    
   6.576283       14.57614    
   6.517560       14.63487    
   6.432425       14.72003    
   6.332111       14.82038    
   6.231265       14.92119    
   6.114015       15.03843    
   6.001054       15.15138    
   5.895566       15.25691    
   5.769622       15.38282    
   5.637242       15.51518    
   5.491218       15.66117    
   5.331388       15.82110    
   5.150640       16.00178    
   4.994185       16.15826    
   4.811044       16.34136    
   4.685582       16.46685    
   4.600076       16.55237    
   4.508481       16.64397    
   4.476953       16.67553    
   4.398289       16.75418    
   4.301153       16.85132    
   4.251971       16.90049    
   4.221362       16.93109    
   4.154001       16.99845    
   4.121673       17.03081    
   4.128835       17.02363    
   4.150654       17.00176    
   4.193097       16.95934    
   4.196819       16.95564    
   4.187778       16.96460    
   4.176356       16.97607    
   4.211076       16.94141    
   4.254754       16.89766    
   4.316120       16.83634    
   4.379707       16.77271    
   4.428475       16.72395    
   4.474209       16.67827    
   4.520617       16.63189    
   4.564445       16.58801    
   4.633907       16.51851    
   4.688013       16.46440    
   4.737533       16.41491    
   4.811627       16.34079    
   4.846767       16.30567    
   4.903398       16.24899    
   4.966646       16.18579    
   5.015456       16.13697    
   5.073858       16.07859    
   5.141532       16.01086    
   5.214112       15.93834    
   5.269873       15.88259    
   5.325548       15.82685    
   5.346840       15.80560    
   5.368069       15.78439    
   5.370500       15.78192    
   5.354976       15.79748    
   5.296412       15.85600    
   5.141313       16.01114    
   5.015912       16.13652    
   4.930808       16.22162    
   4.794800       16.35764    
   4.660754       16.49167    
   4.545657       16.60677    
   4.435657       16.71676    
   4.347649       16.80479    
   4.270431       16.88202    
   4.150288       17.00213    
   4.068697       17.08374    
   3.986724       17.16572    
   3.905805       17.24662    
   3.821418       17.33102    
   3.797521       17.35497    
   3.767495       17.38497    
   3.758256       17.39419    
   3.782527       17.36995    
   3.817238       17.33517    
   3.844073       17.30838    
   3.881119       17.27134    
   3.929669       17.22280    
   3.973533       17.17893    
   3.957303       17.19515    
   3.980293       17.17220    
   3.922581       17.22984    
   3.889568       17.26289    
   3.920123       17.23232    
   3.957829       17.19460    
   4.035155       17.11729    
   4.120903       17.03154    
   4.161191       16.99127    
   4.210909       16.94150    
   4.270705       16.88177    
   4.310998       16.84147    
   4.353185       16.79926    
   4.411917       16.74053    
   4.463140       16.68933    
   4.523088       16.62934    
   4.552755       16.59971    
   4.580903       16.57153    
   4.630323       16.52214    
   4.670911       16.48158    
   4.729260       16.42314    
   4.790295       16.36216    
   4.847201       16.30520    
   4.892624       16.25981    
   4.947016       16.20550    
   4.966898       16.18554    
   4.893143       16.25934    
   4.771152       16.38130    
   4.633364       16.51911    
   4.529328       16.62312    
   4.471421       16.68103    
   4.380592       16.77184    
   4.315404       16.83706    
   4.241263       16.91118    
   4.155334       16.99713    
   4.043540       17.10891    
   3.963515       17.18892    
   3.888241       17.26423    
   3.822710       17.32975    
   3.745473       17.40697    
   3.715377       17.43710    
   3.683616       17.46880    
   3.656460       17.49599    
   3.575605       17.57681    
   3.542818       17.60963    
   3.535761       17.61670    
   3.555952       17.59652    
   3.617634       17.53481    
   3.711905       17.44053    
   3.813576       17.33886    
   3.885385       17.26702    
   3.949577       17.20286    
   4.005870       17.14656    
   4.059485       17.09298    
   4.102849       17.04959    
   4.143232       17.00920    
   4.185494       16.96700    
   4.206060       16.94637    
   4.257981       16.89442    
   4.297797       16.85460    
   4.342674       16.80976    
   4.400589       16.75183    
   4.432034       16.72038    
   4.476088       16.67636    
   4.507482       16.64499    
   4.544252       16.60819    
   4.588365       16.56410    
   4.636425       16.51606    
   4.684055       16.46840    
   4.724862       16.42757    
   4.779498       16.37296    
   4.853701       16.29878    
   4.914138       16.23828    
   4.972165       16.18024    
   5.042860       16.10956    
   5.117648       16.03482    
   5.130534       16.02191    
   5.173226       15.97927    
   5.166800       15.98563    
   5.113815       16.03862    
   5.038362       16.11402    
   4.934846       16.21759    
   4.875977       16.27649    
   4.856507       16.29595    
   4.872028       16.28042    
   4.904721       16.24776    
   4.902080       16.25035    
   4.814168       16.33823    
   4.710184       16.44226    
   4.627974       16.52448    
   4.557963       16.59447    
   4.448232       16.70423    
   4.393583       16.75883    
   4.309628       16.84283    
   4.238197       16.91422    
   4.196798       16.95564    
   4.217424       16.93505    
   4.237913       16.91457    
   4.276936       16.87551    
   4.316462       16.83600    
   4.354506       16.79792    
   4.345165       16.80731    
   4.352781       16.79967    
   4.426766       16.72569    
   4.478137       16.67429    
   4.496949       16.65551    
   4.524551       16.62791    
   4.510693       16.64175    
   4.521357       16.63106    
   4.543862       16.60858    
   4.583340       16.56911    
   4.635043       16.51740    
   4.660142       16.49230    
   4.686247       16.46621    
   4.721897       16.43053    
   4.749192       16.40328    
   4.788110       16.36432    
   4.822795       16.32967    
   4.862075       16.29036    
   4.907347       16.24510    
   4.960152       16.19230    
   4.995924       16.15652    
   5.040248       16.11222    
   5.103269       16.04918    
   5.176545       15.97594    
   5.251050       15.90136    
   5.314344       15.83813    
   5.392784       15.75968    
   5.447460       15.70498    
   5.480428       15.67202    
   5.490463       15.66200    
   5.474474       15.67795    
   5.410221       15.74216    
   5.326030       15.82641    
   5.253524       15.89891    
   5.249510       15.90291    
   5.260154       15.89227    
   5.313345       15.83910    
   5.355446       15.79698    
   5.387484       15.76497    
   5.446581       15.70585    
   5.534979       15.61747    
   5.615741       15.53670    
   5.651060       15.50137    
   5.705267       15.44718    
   5.773086       15.37937    
   5.839014       15.31345    
   5.889794       15.26264    
   5.938839       15.21358    
   5.965549       15.18691    
   6.000656       15.15180    
   6.044616       15.10785    
   6.086679       15.06574    
   6.116067       15.03635    
   6.145387       15.00700    
   6.153178       14.99931    
   6.149964       15.00249    
   6.160576       14.99183    
   6.173664       14.97878    
   6.171714       14.98075    
   6.182558       14.96988    
   6.200006       14.95246    
   6.219886       14.93261    
   6.235647       14.91685    
   6.257592       14.89486    
   6.270843       14.88158    
   6.283575       14.86883    
   6.297024       14.85538    
   6.304454       14.84798    
   6.320294       14.83219    
   6.338645       14.81383    
   6.364869       14.78761    
   6.381675       14.77079    
   6.401512       14.75094    
   6.426462       14.72600    
   6.450931       14.70151    
   6.461400       14.69103    
   6.493824       14.65855    
   6.527322       14.62516    
   6.561506       14.59097    
   6.574976       14.57743    
   6.583903       14.56855    
   6.608525       14.54394    
   6.616534       14.53592    
   6.620553       14.53188    
   6.611164       14.54126    
   6.572633       14.57980    
   6.567636       14.58479    
   6.561021       14.59145    
   6.531914       14.62052    
   6.456729       14.69569    
   6.335595       14.81687    
   6.174850       14.97760    
   6.083792       15.06866    
   6.071682       15.08077    
   6.097703       15.05476    
   6.121864       15.03056    
   6.120816       15.03166    
   6.132153       15.02029    
   6.081365       15.07108    
   5.940137       15.21228    
   5.853946       15.29851    
   5.827450       15.32498    
   5.827508       15.32495    
   5.827168       15.32528    
   5.745635       15.40684    
   5.644341       15.50805    
   5.549884       15.60254    
   5.489767       15.66263    
   5.458019       15.69438    
   5.436957       15.71553    
   5.416960       15.73550    
   5.425377       15.72707    
   5.446456       15.70601    
   5.476095       15.67635    
   5.484469       15.66801    
   5.511031       15.64142    
   5.524868       15.62760    
   5.567427       15.58502    
   5.601722       15.55075    
   5.641972       15.51050    
   5.667813       15.48464    
   5.709346       15.44311    
   5.756987       15.39546    
   5.783475       15.36895    
   5.802598       15.34987    
   5.818770       15.33367    
   5.871628       15.28084    
   5.909142       15.24332    
   5.952499       15.19996    
   6.010273       15.14220    
   6.062172       15.09027    
   6.100411       15.05201    
   6.134455       15.01800    
   6.152647       14.99976    
   6.180024       14.97244    
   6.197245       14.95520    
   6.167287       14.98516    
   6.135252       15.01716    
   6.044694       15.10775    
   5.925258       15.22719    
   5.838351       15.31410    
   5.734661       15.41779    
   5.585507       15.56689    
   5.454887       15.69755    
   5.345995       15.80645    
   5.249228       15.90323    
   5.172645       15.97980    
   5.055350       16.09708    
   4.965449       16.18697    
   4.888045       16.26439    
   4.801628       16.35079    
   4.719564       16.43291    
   4.678037       16.47443    
   4.625036       16.52740    
   4.586468       16.56594    
   4.532475       16.61999    
   4.497633       16.65483    
   4.520912       16.63153    
   4.573095       16.57934    
   4.588180       16.56429    
   4.559886       16.59258    
   4.518372       16.63404    
   4.503898       16.64857    
   4.518322       16.63410    
   4.570660       16.58182    
   4.595985       16.55650    
   4.647673       16.50476    
   4.706720       16.44574    
   4.750257       16.40221    
   4.786179       16.36628    
   4.822693       16.32975    
   4.849578       16.30283    
   4.873395       16.27904    
   4.906247       16.24618    
   4.955533       16.19692    
   5.011355       16.14111    
   5.044850       16.10759    
   5.110361       16.04208    
   5.153715       15.99872    
   5.180723       15.97174    
   5.213186       15.93927    
   5.280070       15.87239    
   5.355019       15.79745    
   5.401283       15.75117    
   5.447936       15.70450    
   5.469086       15.68334    
   5.476142       15.67631    
   5.411220       15.74123    
   5.323786       15.82864    
   5.180547       15.97190    
   5.043655       16.10879    
   4.934006       16.21840    
   4.855209       16.29726    
   4.787250       16.36520    
   4.692516       16.45992    
   4.597935       16.55454    
   4.539020       16.61342    
   4.412491       16.73996    
   4.287505       16.86501    
   4.173281       16.97912    
   4.068725       17.08373    
   3.999570       17.15288    
   3.914138       17.23830    
   3.841029       17.31143    
   3.812371       17.34007    
   3.816605       17.33581    
   3.806237       17.34623    
   3.794439       17.35800    
   3.765862       17.38658    
   3.731915       17.42049    
   3.662959       17.48943    
   3.593011       17.55941    
   3.564283       17.58815    
   3.530978       17.62145    
   11.88370       9.268742    
   12.05068       9.101777    
   12.05153       9.100890    
   12.04814       9.104337    
   12.04691       9.105559    
   12.04268       9.109782    
   12.04192       9.110479    
   12.03912       9.113285    
   12.03584       9.116594    
   12.03231       9.120118    
   12.02787       9.124564    
   12.02372       9.128732    
   12.02077       9.131643    
   12.01865       9.133846    
   12.01763       9.134787    
   12.01752       9.134919    
   12.01637       9.136085    
   12.01728       9.135164    
   12.02276       9.129666    
   12.02857       9.123903    
   12.03096       9.121501    
   12.03069       9.121759    
   12.01400       9.138426    
   11.99168       9.160769    
   11.96237       9.190067    
   11.92377       9.228686    
   11.87993       9.272514    
   11.81573       9.336723    
   11.73604       9.416397    
   11.62816       9.524272    
   11.49804       9.654396    
   11.34627       9.806197    
   11.13955       10.01290    
   10.86037       10.29206    
   10.51041       10.64206    
   10.10393       11.04851    
   9.703323       11.44913    
   9.357408       11.79504    
   9.004136       12.14831    
   8.625565       12.52693    
   8.308619       12.84381    
   8.020509       13.13192    
   7.770845       13.38158    
   7.503131       13.64929    
   7.186582       13.96587    
   6.893450       14.25899    
   6.616554       14.53588    
   6.373312       14.77910    
   6.127092       15.02535    
   5.900363       15.25204    
   5.727879       15.42457    
   5.574976       15.57747    
   5.413785       15.73868    
   5.415200       15.73726    
   5.506616       15.64584    
   5.622057       15.53036    
   5.747054       15.40541    
   5.830235       15.32218    
   5.861964       15.29045    
   5.871502       15.28094    
   5.885070       15.26738    
